1680
145
825
887
849
1588
1335
981
798
813
1037
1328
513
1965
295
960
1038
344
1963
1074
802
1011
1934
1824
177
1271
1577
1715
951
1941
730
570
68
609
1345
460
1384
1596
1801
357
378
1641
324
1287
1460
1242
1551
881
1026
713
491
716
1687
45
1662
455
1694
1853
1370
1933
894
298
1637
1871
1322
803
1229
1122
349
1869
1368
395
1468
809
1217
66
1391
811
176
1746
1972
1642
40
277
260
1262
231
203
224
1516
1905
1462
1862
1401
213
1800
294
1928
1299
1058
593
1192
1762
436
30
1755
63
1711
621
1238
336
916
320
904
1778
377
221
1771
1081
1472
848
1290
761
217
127
869
1307
1031
1111
105
901
541
1983
1030
1265
498
665
662
1847
61
131
635
898
1720
1003
921
1396
1083
969
755
1320
1437
920
120
163
1638
1496
857
284
1671
310
495
258
322
1741
1252
855
1591
1136
642
161
978
1930
1716
613
191
215
943
1273
466
69
1517
1627
1346
695
376
1696
316
822
1572
364
1218
854
1359
240
262
1115
911
100
1510
110
1398
837
1581
1156
1547
1441
1617
1097
438
415
337
522
50
1768
954
679
986
1466
1805
304
966
170
306
1897
367
404
783
720
1552
738
246
891
1300
1253
1505
542
232
1888
184
1533
893
359
1018
1856
1160
332
123
154
1456
1685
885
1327
31
1440
1707
303
1565
52
390
581
1764
271
1938
244
1729
371
1394
605
796
1593
1215
243
346
533
1802
1438
1430
1289
1645
715
650
39
467
625
343
1482
398
1292
1700
1769
1803
651
1483
938
23
1946
256
845
1901
348
806
1606
505
1756
931
1881
1793
659
963
1358
1194
1114
932
1877
614
1695
509
15
1089
1836
909
561
1228
915
1585
38
734
774
1583
1530
1298
1223
431
1180
1076
1765
1046
1032
1220
583
1949
1943
488
1528
434
1714
465
1177
1351
1256
1152
752
1786
34
1702
428
225
514
853
1355
1165
242
425
1330
115
835
1939
1955
1582
1649
26
392
1476
484
1574
546
112
1550
1317
1407
122
313
1718
1443
1212
129
421
1288
763
292
8
1725
830
1182
133
779
1957
89
1895
1109
175
1705
1772
1945
235
181
1667
202
1502
1678
1827
1436
955
682
1172
587
815
1067
1953
1666
1833
1925
325
1286
688
155
1023
1495
1135
1101
1291
1352
1072
166
207
352
510
228
1674
417
818
696
1513
1143
1929
1414
693
664
919
1691
20
62
490
1590
992
1375
494
1326
314
1842
1134
1227
341
1889
124
736
995
615
880
1618
1682
1602
1628
1914
702
389
173
286
1106
1230
856
566
1201
1961
118
1234
523
1193
1952
1343
1157
394
1865
1857
1736
1127
238
245
723
965
1158
317
515
1829
1798
142
80
419
1912
413
1807
718
1469
859
1280
405
1599
861
884
1726
703
883
1758
1717
82
741
409
1128
1364
1859
301
1108
464
162
1090
1216
721
1665
386
116
732
241
584
1412
156
1976
1442
1059
1830
950
764
1063
1465
1668
350
867
447
1898
1004
402
631
929
1826
504
227
1658
1922
474
1870
1471
1509
1277
1423
1785
1255
147
373
382
630
1817
780
347
832
1377
75
1129
1852
882
453
1053
637
551
1514
820
1419
1044
1744
265
1196
1592
1387
775
383
1246
1841
329
178
1792
858
1730
903
727
833
925
896
1631
871
751
159
917
1763
1118
500
604
1633
1597
591
169
1632
1314
399
669
539
644
975
768
1191
675
976
1887
1068
607
516
1404
982
1049
1259
443
1508
77
674
318
1015
230
1176
1799
1439
1485
1492
487
654
711
1511
1035
1834
1996
263
626
503
1661
206
180
374
906
1310
482
781
1600
1672
1147
1066
529
634
1863
1258
444
259
1709
1429
183
463
1498
1931
1506
1806
959
661
588
12
102
673
1960
558
326
1837
1866
1325
437
918
1564
319
1708
1568
974
1988
1422
479
345
1029
1757
1484
135
4
471
1815
369
1747
496
787
1890
1751
739
253
1434
1413
1916
450
590
1609
1336
49
1512
1906
1178
556
1844
564
1742
1232
424
1274
1604
1315
964
790
1092
1982
868
117
1534
1904
1759
411
1987
636
209
1268
1039
1141
323
1251
980
708
611
250
927
1663
602
58
130
872
1659
393
1478
554
1750
698
1371
1124
1640
1749
1263
1079
1693
714
694
1453
1473
1558
218
1208
435
1846
1112
1538
526
445
1036
577
365
1002
559
707
1950
1579
1282
36
1432
2000
340
1403
657
368
1873
1605
1754
185
1309
79
1999
778
1119
381
519
1313
1623
831
1752
686
1860
470
1117
947
1163
1587
1721
360
1302
530
1831
793
1264
1794
701
1940
759
1664
1133
1555
1420
1379
1447
632
1040
1948
1970
1467
1244
676
1174
1562
648
953
754
641
1410
331
971
406
1644
794
839
91
1070
1047
926
706
1012
1557
940
749
330
1995
280
205
1767
1206
1065
361
985
568
1810
190
65
1479
555
335
400
726
1164
888
1461
1738
1559
141
1312
1775
1653
1421
1656
945
408
1985
1295
385
1113
1879
1221
865
1009
264
1425
1284
987
210
1381
1463
1924
73
767
534
1545
772
54
1909
387
1724
543
956
545
1151
1353
908
1697
1305
1607
1907
1536
1899
800
773
194
74
212
1780
1062
1706
1885
1612
807
1189
37
629
51
1676
1213
451
1737
878
1935
1519
1541
1974
32
492
1523
572
1214
197
624
1735
606
1372
1048
1121
1520
1515
535
1797
1500
801
1211
1175
1378
1340
758
289
1199
1331
1250
236
1615
1978
1446
645
261
933
656
1652
1424
619
1569
596
1000
866
1651
16
1159
1050
970
740
457
1219
146
1501
939
941
725
785
996
728
1480
540
1867
216
1553
1655
914
1601
1703
334
877
1001
1085
847
473
1719
192
1621
683
1034
1497
1828
946
638
1787
366
1821
1646
363
892
388
1850
689
475
1843
379
824
1913
1489
164
1363
1222
873
1294
962
9
1028
339
144
439
1874
1231
1138
21
907
993
579
1153
1594
984
1366
1679
684
1367
1625
678
599
1795
948
186
1444
580
1733
342
1226
1855
1349
1986
1626
429
680
585
287
1689
748
1104
1783
248
652
1095
149
275
690
1266
182
1389
71
1951
1713
1125
143
622
1167
296
1225
897
666
563
846
1908
150
1584
1731
771
315
681
753
307
1365
1116
1025
351
1187
1563
356
1956
687
1474
1891
211
1921
95
944
1475
1103
928
507
1361
527
1297
254
1777
517
422
1567
967
67
1529
1603
760
222
571
743
1481
1968
1283
1979
620
1911
1332
1409
653
440
1910
586
670
446
1942
1087
685
10
671
380
416
972
1919
81
1470
762
717
1539
1179
1150
1598
592
747
598
961
1016
668
1041
288
47
1712
17
562
1886
158
1086
355
733
1868
1537
900
1990
574
1507
1155
33
1839
942
1017
704
414
1329
565
1169
501
274
1139
977
531
1195
528
167
1532
1540
1392
1766
988
1316
991
28
805
1338
1525
151
1992
198
1397
138
1311
285
722
525
610
391
937
442
1595
1078
1395
1071
1571
616
633
1902
930
132
1099
1900
499
1319
1400
575
480
1944
1578
96
1293
64
1173
1204
795
895
1936
94
448
744
1822
396
362
997
777
76
1154
1240
511
1580
804
204
426
106
1808
1980
48
1360
1699
278
1052
1184
1007
1166
1686
603
1008
1123
792
1306
1932
1981
78
646
1522
1984
55
1975
139
1333
663
1337
407
1556
441
1084
994
1896
14
93
84
838
172
423
1825
189
249
1782
459
42
1734
1247
433
279
692
1210
639
731
85
876
560
1774
19
1732
1639
171
1675
1140
1620
87
1490
5
13
1526
573
1075
220
958
485
618
462
273
1148
128
524
640
1267
1131
107
476
1350
1937
1991
1723
370
1458
1812
1554
1077
1354
791
1014
1144
1926
647
193
88
1428
600
1056
174
308
776
108
935
1811
902
136
844
770
208
1894
667
1748
557
1882
1947
998
1823
1740
889
1546
1918
957
989
1149
521
1739
430
1303
113
1376
1205
1405
226
1743
769
1861
875
1010
266
1989
757
1069
1813
1324
922
1373
1416
1814
1971
601
1426
1433
1614
1790
841
1704
502
1923
789
1110
1096
1203
1849
506
1962
27
923
148
1200
1608
719
1415
999
735
699
90
1977
1544
660
92
1636
452
697
214
658
196
1486
863
1145
312
1624
25
57
1142
1643
2
1630
1323
836
1301
912
1997
353
1619
469
302
1024
35
1344
119
536
797
1408
1380
269
1279
1120
1260
816
745
1281
649
1450
628
1684
700
1385
934
125
1454
251
1
553
729
1635
784
1181
890
1669
1660
508
103
1202
1236
483
1518
1854
627
1493
1650
481
358
1535
819
1494
1406
1171
1005
276
1435
823
1851
83
1488
1209
737
267
1339
1690
268
1357
1348
195
1237
111
1560
328
165
1728
1779
1190
1386
283
788
299
1073
7
29
1183
1915
199
1088
1876
1248
1243
1091
56
1417
311
219
468
712
1402
826
899
456
98
1616
1781
1548
1770
134
1188
1566
1021
1100
1185
44
1341
18
1570
461
1027
497
1431
454
799
1613
1589
1042
1745
1838
1491
1161
1503
72
1418
126
1892
1796
548
874
432
1761
43
201
1168
1388
750
643
810
691
766
1858
1994
1269
1753
6
1126
293
1451
549
1967
372
1356
114
1275
870
1845
552
1130
1064
489
1487
1776
3
270
1399
1917
305
1973
321
22
1883
24
578
1993
239
567
1186
458
1701
493
677
547
709
1698
597
1835
229
1920
282
1382
410
354
724
1524
532
1832
1521
1033
1864
1611
594
1022
1692
1958
1249
1107
1634
46
1966
1818
1464
1233
179
710
59
1880
1334
1448
1094
821
705
1239
864
41
1722
1170
1816
1670
486
1321
1804
1809
1347
829
1006
782
168
1477
1819
70
1452
1270
1542
1132
1254
1872
879
1276
1393
188
1383
746
538
223
338
973
576
1235
1688
1055
765
1098
1207
1903
420
1241
1060
840
1504
1998
109
952
1137
1610
1657
827
851
860
1224
1197
1093
418
990
1296
1308
808
1198
257
1549
101
1927
1257
1020
233
1654
1710
1683
1019
786
401
1146
512
237
842
862
1318
403
913
1875
247
1374
979
153
1789
828
157
1272
1561
582
1457
924
1784
886
544
53
290
1080
520
1527
1278
1531
968
327
905
1760
1054
1576
1285
617
300
1964
812
1773
384
291
478
1499
1820
397
1673
281
1245
1622
1057
1261
1102
834
375
1573
569
1051
140
655
99
550
1954
936
589
412
537
1677
60
477
297
1959
910
1342
1045
1061
472
121
1878
1848
200
1459
234
1648
1893
252
1082
1840
1390
427
1727
817
160
333
1411
86
1013
187
1681
152
1449
1586
612
1629
852
1791
309
1304
1427
97
1543
104
137
756
850
1455
1575
1788
518
1445
814
11
843
1647
742
272
449
1969
949
672
1362
255
1043
1369
1105
1162
608
983
595
623
1884